errors: 2.35401e-07 1.02274e-07 6.27225e-07
answer: 735911 -2318943 -3054145 -2320638 -1596462 -3188645
-1.51206,27,0.001,0.000982293
errors: 2.35401e-07 1.02274e-07 6.27225e-07
answer: 735911 -2318943 -3054145 -2320638 -1596462 -3188645
-1.51206,27,0.001,0.000982293
